     0/499        1G   0.07467   0.02148         0   0.09615         4       640  0.002083   0.04348 0.0004862 9.686e-05    0.1036   0.01928         0
     1/499     11.7G    0.0784   0.01999         0   0.09839         5       640  0.002155   0.04348 0.0005497 8.173e-05    0.1006   0.01851         0
     2/499     12.6G   0.07726   0.01794         0   0.09521         6       640  0.001108    0.2174 0.0003908 7.714e-05   0.09882   0.01768         0
     3/499     12.6G   0.07378   0.01484         0   0.08862         2       640 0.0002083   0.04348 0.0001232 6.606e-05   0.09609   0.01714         0
     4/499     12.6G   0.07407   0.01466         0   0.08873        12       640 0.0003125   0.06522 0.0001139 2.896e-05   0.09433   0.01665         0
     5/499     12.6G   0.06326   0.01256         0   0.07582         0       640 0.0005208    0.1087 0.0004404 0.0001118     0.095   0.01602         0
     6/499     12.6G     0.068   0.01301         0     0.081         2       640  0.000625    0.1304 0.0004117 6.307e-05   0.09491   0.01557         0
     7/499     12.6G   0.06831   0.01316         0   0.08147        10       640  0.000625    0.1304 0.0003359 5.805e-05   0.09463   0.01517         0
     8/499     12.6G   0.06751   0.01132         0   0.07883         2       640  0.001563    0.3261 0.0007886 0.0001238   0.09472   0.01476         0
     9/499     12.6G   0.06362   0.01084         0   0.07446         1       640  0.000625    0.1304 0.0001884 3.691e-05   0.09349   0.01452         0
    10/499     12.7G   0.06645    0.0111         0   0.07754         2       640  0.000625    0.1304  0.000166 3.133e-05   0.09334   0.01421         0
    11/499     12.7G   0.06987   0.01046         0   0.08033         5       640 0.0004167   0.08696 0.0001361 2.067e-05   0.09277   0.01399         0
    12/499     12.7G   0.06976   0.01003         0   0.07979         2       640 0.0007807   0.04348 0.0002576 5.632e-05   0.09159   0.01388         0
    13/499     12.7G   0.06664   0.01005         0   0.07668         1       640 0.0005208    0.1087  0.000109  2.72e-05   0.09265   0.01351         0
    14/499     12.7G   0.06694   0.01098         0   0.07792         7       640  0.000625    0.1304  0.000117 2.484e-05   0.09201   0.01342         0
    15/499     12.7G   0.07083   0.01049         0   0.08132        10       640  0.001146    0.2391 0.0003436 5.122e-05   0.09103   0.01335         0
    16/499     12.7G   0.06842  0.008674         0    0.0771         2       640  0.001042    0.2174 0.0003246 4.925e-05   0.09188   0.01304         0
    17/499     12.7G   0.07088  0.009828         0   0.08071         9       640  0.001042    0.2174 0.0002456 3.569e-05   0.09236   0.01285         0
    18/499     12.7G   0.06619  0.008711         0    0.0749         2       640  0.001042    0.2174 0.0002416 5.204e-05   0.09164   0.01279         0
    19/499     12.7G    0.0655  0.008321         0   0.07382         2       640  0.001042    0.2174  0.000261 4.689e-05   0.09083   0.01276         0
    20/499     12.7G   0.07043  0.009084         0   0.07952         6       640 0.0009375    0.1957 0.0002112 4.893e-05   0.09089   0.01262         0
    21/499     12.7G   0.06484  0.009528         0   0.07437         9       640 0.0007292    0.1522 0.0002057 4.493e-05   0.09207   0.01238         0
    22/499     12.7G   0.06806  0.008844         0   0.07691         5       640  0.001563    0.3261 0.0005248 8.582e-05   0.09277   0.01222         0
    23/499     12.7G   0.06542  0.008412         0   0.07383         4       640  0.001146    0.2391 0.0004453 6.791e-05   0.09236   0.01219         0
    24/499     12.7G    0.0605  0.008538         0   0.06904         0       640  0.001146    0.2391 0.0004969  7.33e-05   0.09317   0.01205         0
    25/499     12.7G   0.06876  0.008406         0   0.07717         6       640  0.001146    0.2391 0.0003946 7.942e-05   0.09282   0.01217         0
    26/499     12.7G   0.06584  0.008329         0   0.07417         5       640  0.001458    0.3043 0.0005447 0.0001236    0.0921   0.01221         0
    27/499     12.7G   0.06683  0.008148         0   0.07498         3       640  0.001261    0.2609 0.0004384 9.244e-05   0.09058   0.01246         0
    28/499     12.7G   0.06471  0.008037         0   0.07275         4       640  0.001434    0.1957 0.0005138 7.654e-05   0.09277    0.0123         0
    29/499     12.7G   0.06382  0.007326         0   0.07115         1       640  0.001357    0.2826 0.0005467 0.0001265   0.09286   0.01212         0
    30/499     12.7G    0.0737  0.008013         0   0.08171         6       640  0.001465    0.3043 0.0006279 0.0001166   0.09121   0.01227         0
    31/499     12.7G   0.06362  0.007006         0   0.07063         2       640   0.00125    0.2609 0.0003981 7.761e-05   0.09143   0.01231         0
    32/499     12.7G   0.07284  0.007149         0   0.07999         5       640  0.001146    0.2391 0.0003116 5.455e-05   0.09202   0.01197         0
    33/499     12.7G   0.06997  0.007539         0   0.07751         6       640  0.001156    0.2391 0.0003437 5.881e-05   0.09214   0.01214         0
    34/499     12.7G   0.07207  0.007848         0   0.07992         8       640 0.0009375    0.1957 0.0002136 4.091e-05   0.09768    0.0118         0
    35/499     12.7G   0.06659  0.006852         0   0.07344         3       640  0.001099    0.2174 0.0002609 5.505e-05    0.1136  0.008912         0
    36/499     12.7G   0.06298  0.007023         0   0.07001         1       640 0.0009703    0.1739 0.0002047 3.036e-05     0.104    0.0107         0
    37/499     12.7G   0.06971  0.007772         0   0.07749         6       640  0.001042    0.2174 0.0002496 4.756e-05   0.09342   0.01159         0
    38/499     12.7G   0.06251  0.006209         0   0.06872         1       640  0.001042    0.2174 0.0002393 4.435e-05   0.09879   0.01071         0
    39/499     12.7G   0.06159  0.007291         0   0.06888         1       640  0.001354    0.2826  0.000416 6.999e-05   0.09805   0.01128         0
    40/499     12.7G   0.06817   0.00793         0    0.0761        14       640  0.001146    0.2391 0.0003293 6.168e-05    0.1079   0.01001         0
    41/499     12.7G   0.06304  0.008056         0   0.07109         3       640 0.0008336    0.1739 0.0001562 1.987e-05    0.1054  0.009456         0
    42/499     12.7G   0.06632  0.007934         0   0.07425         3       640 0.0009375    0.1957 0.0001935 3.644e-05   0.09405   0.01105         0
    43/499     12.7G   0.05995  0.006526         0   0.06647         0       640  0.001042    0.2174 0.0002398 3.608e-05   0.08759   0.01206         0
    44/499     12.7G   0.06962  0.007769         0   0.07739         7       640  0.001563    0.3261 0.0005272 9.276e-05   0.08625   0.01221         0
    45/499     12.7G   0.06389  0.007931         0   0.07182         3       640  0.001458    0.3043 0.0004543 7.109e-05   0.09015    0.0115         0
    46/499     12.7G   0.06249  0.007374         0   0.06986         2       640  0.001771    0.3696 0.0007325 0.0001384   0.08682   0.01229         0
    47/499     12.7G   0.06427   0.00679         0   0.07106         7       640  0.001563    0.3261  0.000533 7.161e-05   0.08535   0.01244         0
    48/499     12.7G   0.06324  0.009091         0   0.07233        14       640  0.001334    0.2391 0.0003847 8.026e-05    0.1056  0.009087         0
    49/499     12.7G   0.06234  0.006973         0   0.06931         3       640  0.001066    0.1957 0.0002579 3.899e-05    0.1091  0.008735         0
    50/499     12.7G   0.06645  0.007845         0   0.07429         6       640  0.001042    0.2174 0.0002799 5.435e-05    0.1094  0.008559         0
    51/499     12.7G   0.05963  0.007162         0   0.06679         2       640  0.001678    0.1957 0.0004408 6.076e-05    0.1061   0.00901         0
    52/499     12.7G   0.06373  0.008045         0   0.07177         3       640  0.001878    0.1739 0.0006546 7.084e-05   0.09713    0.0103         0
    53/499     12.7G   0.05702  0.007944         0   0.06496         1       640  0.002164    0.1739  0.001077 0.0001516   0.08953   0.01136         0
    54/499     12.7G   0.06227   0.00897         0   0.07124        10       640  0.003203    0.2826  0.001493 0.0002496   0.08398   0.01232         0
