     0/499    0.914G    0.0845   0.01971         0    0.1042         4       640  0.000458   0.04348 4.349e-05  5.65e-06    0.1118   0.02084         0
     1/499     11.8G   0.08139   0.01748         0   0.09887         5       640 0.0005103   0.04348 4.487e-05 9.171e-06    0.1083   0.01915         0
     2/499     12.7G   0.08132    0.0158         0   0.09712         6       640  0.001238    0.1087 0.0002163 4.314e-05    0.1066   0.01779         0
     3/499     12.7G   0.07867   0.01319         0   0.09186         2       640   0.00285   0.02174 0.0003308 4.088e-05    0.1091   0.01573         0
     4/499     12.7G   0.07686   0.01343         0    0.0903        12       640   0.00562   0.04348 0.0003889 7.036e-05    0.1073    0.0147         0
     5/499     12.7G   0.06711   0.01062         0   0.07774         0       640  0.008524   0.06522  0.001109 0.0003005   0.09946   0.01477         0
     6/499     12.7G   0.06922   0.01119         0   0.08041         2       640   0.01627    0.1087  0.003606 0.0006868   0.09536   0.01446         0
     7/499     12.7G   0.06934   0.01144         0   0.08078        10       640   0.02715    0.1087  0.004927   0.00167   0.09298   0.01382         0
     8/499     12.7G   0.06537  0.009587         0   0.07496         2       640   0.04121   0.02174  0.003548 0.0006771   0.09094   0.01352         0
     9/499     12.7G   0.06064   0.00934         0   0.06998         1       640    0.1062   0.04348   0.01429  0.002338   0.09101   0.01301         0
    10/499     12.7G   0.05966  0.009837         0    0.0695         2       640   0.02492    0.1739   0.01287  0.003557    0.0895   0.01277         0
    11/499     12.7G   0.06513  0.009411         0   0.07454         5       640   0.02657    0.2391    0.0138  0.002127   0.09047   0.01217         0
    12/499     12.7G   0.05969  0.009076         0   0.06876         2       640   0.03094    0.1739   0.01281  0.002375   0.08496   0.01272         0
    13/499     12.7G   0.05449  0.009399         0   0.06389         1       640   0.05999    0.1304    0.0229  0.006439     0.084   0.01243         0
    14/499     12.7G   0.05692   0.01064         0   0.06756         7       640    0.1227    0.3696   0.09182   0.01979   0.07595   0.01324         0
    15/499     12.7G   0.05673    0.0108         0   0.06754        10       640    0.2311    0.2609    0.1452   0.03135   0.07915   0.01244         0
    16/499     12.7G   0.05553  0.008195         0   0.06373         2       640    0.4049    0.3261    0.2169   0.05674   0.07444   0.01283         0
    17/499     12.7G   0.05586   0.01048         0   0.06634         9       640    0.3474    0.3261    0.2148   0.07743   0.06971    0.0133         0
    18/499     12.7G   0.04947  0.009055         0   0.05852         2       640    0.4115    0.2609    0.2199   0.06367   0.07056   0.01317         0
    19/499     12.7G   0.04978  0.008376         0   0.05815         2       640    0.3079       0.5    0.2851   0.09794   0.07049   0.01281         0
    20/499     12.7G   0.05226  0.009477         0   0.06173         6       640    0.5101    0.4783    0.4555    0.1275   0.07041    0.0127         0
    21/499     12.7G   0.04774   0.01052         0   0.05826         9       640    0.1697    0.2826    0.1174   0.02088   0.07219   0.01258         0
    22/499     12.7G   0.04977  0.009591         0   0.05936         5       640    0.1371    0.2391   0.06688   0.01285   0.07212   0.01275         0
    23/499     12.7G   0.04815   0.00907         0   0.05722         4       640    0.2937    0.4069    0.2262   0.05557   0.06828   0.01297         0
    24/499     12.7G   0.04414  0.009465         0    0.0536         0       640    0.5163    0.4783    0.4208    0.1388   0.06703   0.01287         0
    25/499     12.7G   0.05138  0.008739         0   0.06012         6       640    0.2826    0.5217    0.3022   0.07727   0.06668   0.01272         0
    26/499     12.7G   0.04587  0.009014         0   0.05488         5       640     0.349    0.5435    0.3317   0.07869   0.06487   0.01298         0
    27/499     12.7G   0.04985  0.008617         0   0.05846         3       640    0.4351    0.6522    0.4931    0.1287   0.06711    0.0124         0
    28/499     12.7G   0.04499  0.008741         0   0.05373         4       640    0.5777    0.6957    0.6272    0.2474   0.06214   0.01285         0
    29/499     12.7G   0.04262  0.008007         0   0.05063         1       640    0.4992       0.5    0.4301    0.1129   0.06508   0.01239         0
    30/499     12.7G   0.04452  0.009551         0   0.05407         6       640    0.4504    0.4276    0.2975    0.0601    0.0684   0.01194         0
    31/499     12.7G   0.04443   0.00775         0   0.05218         2       640    0.5415    0.7447     0.655    0.2341    0.0631   0.01251         0
    32/499     12.7G   0.04755  0.008325         0   0.05588         5       640     0.441       0.5    0.4045   0.06496   0.06436   0.01242         0
    33/499     12.7G   0.04563  0.008686         0   0.05431         6       640    0.4684    0.7391    0.5167   0.09838   0.06529    0.0121         0
    34/499     12.7G   0.04633   0.01022         0   0.05656         8       640    0.7088    0.7938    0.7697    0.2706   0.06063   0.01271         0
    35/499     12.7G   0.04163   0.00831         0   0.04994         3       640    0.5439    0.7391    0.5705    0.1962   0.05976   0.01286         0
    36/499     12.7G     0.041  0.008304         0    0.0493         1       640    0.7805     0.541    0.6647     0.235   0.05865   0.01286         0
    37/499     12.7G   0.04367  0.009146         0   0.05282         6       640    0.8614    0.6087    0.7291    0.2191    0.0614   0.01245         0
    38/499     12.7G   0.04058   0.00706         0   0.04764         1       640    0.7008    0.7129    0.7034    0.3209   0.05964   0.01242         0
    39/499     12.7G   0.03909  0.008241         0   0.04733         1       640    0.8313    0.7501    0.7962    0.3135   0.05597   0.01294         0
    40/499     12.7G   0.04248   0.01028         0   0.05277        14       640    0.3843    0.6739    0.4149    0.1261   0.05883   0.01277         0
    41/499     12.7G   0.04244  0.009299         0   0.05174         3       640    0.5047    0.5217    0.4806    0.1487   0.06054   0.01247         0
    42/499     12.7G   0.04319  0.009129         0   0.05232         3       640    0.4999    0.5216    0.3799    0.1351   0.05887   0.01251         0
    43/499     12.7G   0.03609  0.007659         0   0.04375         0       640    0.4021    0.6522    0.4965    0.1449   0.06197   0.01208         0
    44/499     12.7G   0.03971  0.009618         0   0.04933         7       640     0.555    0.7174    0.5786     0.171   0.06157   0.01192         0
    45/499     12.7G   0.03824  0.008782         0   0.04702         3       640    0.5987    0.7135    0.6598    0.1922   0.05966   0.01197         0
    46/499     12.7G   0.03802  0.008058         0   0.04608         2       640    0.7976    0.6853    0.7705    0.2687   0.05683    0.0121         0
    47/499     12.7G   0.03762  0.008085         0    0.0457         7       640    0.8454    0.6522    0.7224    0.2835    0.0575   0.01201         0
    48/499     12.7G   0.04024   0.01027         0   0.05052        14       640    0.8397    0.6304    0.7545    0.1855     0.058   0.01203         0
    49/499     12.7G   0.03903  0.007004         0   0.04604         3       640    0.8138    0.4752    0.6403    0.1564    0.0582     0.012         0
    50/499     12.7G   0.03709  0.008594         0   0.04569         6       640    0.7536    0.7978    0.8218    0.2773   0.05432   0.01216         0
    51/499     12.7G   0.03806  0.006932         0   0.04499         2       640    0.8913    0.7174       0.8    0.3137   0.05495   0.01201         0
    52/499     12.7G   0.03925  0.007681         0   0.04693         3       640    0.7912    0.7174    0.7544    0.2405   0.05751    0.0116         0
    53/499     12.7G   0.03656  0.007998         0   0.04456         1       640    0.7527    0.8696    0.8475    0.3702    0.0581   0.01127         0
    54/499     12.7G   0.03755  0.009035         0   0.04659        10       640    0.8672    0.6304    0.7877    0.3454   0.05843   0.01112         0
    55/499     12.7G   0.03921  0.007261         0   0.04647         2       640    0.8915    0.7609    0.8296    0.2948   0.05835   0.01128         0
    56/499     12.7G   0.03715  0.007201         0   0.04435         2       640    0.9141     0.694    0.8216    0.3465   0.05767   0.01132         0
    57/499     12.7G   0.03471  0.007186         0    0.0419         1       640    0.7622    0.8478    0.8149     0.382   0.05664   0.01121         0
    58/499     12.7G   0.03965   0.00884         0   0.04849        10       640    0.8752    0.6957    0.8033     0.336    0.0565   0.01123         0
    59/499     12.7G   0.03731  0.007321         0   0.04463         6       640    0.8804    0.8002    0.8643    0.3967   0.05471   0.01141         0
